agency_cd	site_no	parameter_cd	ts_id	year_nu	mean_va
USGS	09163500	00060	19083	1952	9437
USGS	09163500	00060	19083	1953	5175
USGS	09163500	00060	19083	1954	2877
USGS	09163500	00060	19083	1955	3941
USGS	09163500	00060	19083	1956	4542
USGS	09163500	00060	19083	1957	10870
USGS	09163500	00060	19083	1958	7159
USGS	09163500	00060	19083	1959	4222
USGS	09163500	00060	19083	1960	5029
USGS	09163500	00060	19083	1961	4174
USGS	09163500	00060	19083	1962	8458
USGS	09163500	00060	19083	1963	3246
USGS	09163500	00060	19083	1964	4363
USGS	09163500	00060	19083	1965	8256
USGS	09163500	00060	19083	1966	3723
USGS	09163500	00060	19083	1967	4173
USGS	09163500	00060	19083	1968	5246
USGS	09163500	00060	19083	1969	6179
USGS	09163500	00060	19083	1970	7713
USGS	09163500	00060	19083	1971	7194
USGS	09163500	00060	19083	1972	4828
USGS	09163500	00060	19083	1973	7346
USGS	09163500	00060	19083	1974	5861
USGS	09163500	00060	19083	1975	6736
USGS	09163500	00060	19083	1976	4383
USGS	09163500	00060	19083	1977	2212
USGS	09163500	00060	19083	1978	5697
USGS	09163500	00060	19083	1979	7851
USGS	09163500	00060	19083	1980	7316
USGS	09163500	00060	19083	1981	3559
USGS	09163500	00060	19083	1982	6658
USGS	09163500	00060	19083	1983	11110
USGS	09163500	00060	19083	1984	13770
USGS	09163500	00060	19083	1985	10720
USGS	09163500	00060	19083	1986	10450
USGS	09163500	00060	19083	1987	6533
USGS	09163500	00060	19083	1988	4555
USGS	09163500	00060	19083	1989	3804
USGS	09163500	00060	19083	1990	3098
USGS	09163500	00060	19083	1991	5140
USGS	09163500	00060	19083	1992	4368
USGS	09163500	00060	19083	1993	8854
USGS	09163500	00060	19083	1994	4358
USGS	09163500	00060	19083	1995	10320
USGS	09163500	00060	19083	1996	7414
USGS	09163500	00060	19083	1997	10230
USGS	09163500	00060	19083	1998	6900
USGS	09163500	00060	19083	1999	6037
USGS	09163500	00060	19083	2000	4513
USGS	09163500	00060	19083	2001	3809
USGS	09163500	00060	19083	2002	2264
USGS	09163500	00060	19083	2003	3756
USGS	09163500	00060	19083	2004	3478
USGS	09163500	00060	19083	2005	6378
USGS	09163500	00060	19083	2006	5683
USGS	09163500	00060	19083	2007	5035
USGS	09163500	00060	19083	2008	8358
USGS	09163500	00060	19083	2009	6726
USGS	09163500	00060	19083	2010	5133
USGS	09163500	00060	19083	2011	9712
USGS	09163500	00060	19083	2012	2882
USGS	09163500	00060	19083	2013	3562
USGS	09163500	00060	19083	2014	7247
USGS	09163500	00060	19083	2015	6395
USGS	09163500	00060	19083	2016	5942
USGS	09163500	00060	19083	2017	6303
USGS	09163500	00060	19083	2018	3092
USGS	09163500	00060	19083	2019	7760
USGS	09163500	00060	19083	2020	3643

